algorithm:CausalGuidedGA
benchmark:automotive_susan_s
generate:50
population:10
curve:[-1.1389234986294543, -1.154796320630749, -1.154796320630749, -1.1816587321473315, -1.1816587321473315, -1.1816587321473315, -1.1816587321473315, -1.1816587321473315, -1.1816587321473315, -1.1816587321473315, -1.1816587321473315, -1.2249349361754864, -1.2249349361754864, -1.2249349361754864, -1.2249349361754864, -1.2249349361754864, -1.2249349361754864, -1.2249349361754864, -1.2249349361754864, -1.2732208363903152, -1.3161230483846034, -1.3533113575067426, -1.3533113575067426, -1.3533113575067426, -1.3533113575067426, -1.3533113575067426, -1.3883234379417586, -1.3883234379417586, -1.3883234379417586, -1.3883234379417586, -1.3883234379417586, -1.3883234379417586, -1.4047902409997024, -1.4047902409997024, -1.4047902409997024, -1.4047902409997024, -1.4047902409997024, -1.4047902409997024, -1.4047902409997024, -1.4047902409997024, -1.4047902409997024, -1.4047902409997024, -1.4047902409997024, -1.4047902409997024, -1.4047902409997024, -1.4047902409997024, -1.4047902409997024, -1.4047902409997024, -1.4047902409997024, -1.4047902409997024]
best_flags:[0, 0, 0, 0, 0, 0, 0, 0, 0, 1, 1, 0, 0, 1]
min_time:-1.4047902409997024
cost_time:10883.688147306442
times:501
