algorithm:CausalGuidedGA
benchmark:office_rsynth
generate:50
population:10
curve:[-0.9733520336605891, -1.0212577502214348, -1.0328680774425933, -1.0745341614906834, -1.0745341614906834, -1.0745341614906834, -1.0745341614906834, -1.1527777777777777, -1.1527777777777777, -1.1527777777777777, -1.1527777777777777, -1.1527777777777777, -1.2101740294511378, -1.2101740294511378, -1.2101740294511378, -1.2101740294511378, -1.2101740294511378, -1.2101740294511378, -1.2101740294511378, -1.2101740294511378, -1.2101740294511378, -1.2101740294511378, -1.2101740294511378, -1.342899554675903, -1.342899554675903, -1.342899554675903, -1.342899554675903, -1.342899554675903, -1.342899554675903, -1.342899554675903, -1.342899554675903, -1.342899554675903, -1.342899554675903, -1.342899554675903, -1.342899554675903, -1.342899554675903, -1.342899554675903, -1.342899554675903, -1.342899554675903, -1.342899554675903, -1.342899554675903, -1.342899554675903, -1.342899554675903, -1.342899554675903, -1.342899554675903, -1.342899554675903, -1.342899554675903, -1.342899554675903, -1.342899554675903, -1.342899554675903]
best_flags:[1, 0, 0, 0, 1, 1, 1, 0, 0, 1, 0, 1, 0, 1]
min_time:-1.342899554675903
cost_time:3680.8821313381195
times:501
