algorithm:CausalGuidedGA
benchmark:bzip2d
generate:50
population:10
curve:[-1.8578358208955223, -1.8578358208955223, -1.8578358208955223, -1.886178861788618, -1.886178861788618, -1.886178861788618, -1.886178861788618, -1.9611255090707145, -1.9611255090707145, -1.9611255090707145, -1.9611255090707145, -1.9611255090707145, -1.9611255090707145, -1.9611255090707145, -1.9611255090707145, -1.9611255090707145, -1.9611255090707145, -1.9611255090707145, -1.9611255090707145, -1.9611255090707145, -1.9777598059037607, -1.9777598059037607, -1.9777598059037607, -1.9777598059037607, -1.9777598059037607, -1.9777598059037607, -1.9777598059037607, -2.0357730263157894, -2.0357730263157894, -2.0357730263157894, -2.0357730263157894, -2.0357730263157894, -2.0357730263157894, -2.0357730263157894, -2.0357730263157894, -2.0500615510874027, -2.0500615510874027, -2.0500615510874027, -2.0500615510874027, -2.0500615510874027, -2.0500615510874027, -2.235294117647059, -2.235294117647059, -2.235294117647059, -2.235294117647059, -2.235294117647059, -2.235294117647059, -2.235294117647059, -2.235294117647059, -2.235294117647059]
best_flags:[0, 0, 0, 0, 0, 0, 0, 0, 0, 1, 0, 0, 1, 0]
min_time:-2.235294117647059
cost_time:6095.878628492355
times:501
