algorithm:CausalGuidedGA
benchmark:security_sha
generate:50
population:10
curve:[-0.6322625698324023, -0.6322625698324023, -0.6566405713500892, -0.6686007286466065, -0.698670814479638, -0.6995067141682654, -0.6995067141682654, -0.6995067141682654, -0.6995067141682654, -0.6995067141682654, -0.6995067141682654, -0.6995067141682654, -0.6995067141682654, -0.6995067141682654, -0.6995067141682654, -0.6995067141682654, -0.6995067141682654, -0.6995067141682654, -0.6995067141682654, -0.6995067141682654, -0.6995067141682654, -0.6995067141682654, -0.6995067141682654, -0.6995067141682654, -0.6995067141682654, -0.6995067141682654, -0.7401530178520828, -0.7401530178520828, -0.7401530178520828, -0.7401530178520828, -0.7401530178520828, -0.7401530178520828, -0.7401530178520828, -0.7401530178520828, -0.7401530178520828, -0.7401530178520828, -0.7401530178520828, -0.7401530178520828, -0.7401530178520828, -0.7401530178520828, -0.7401530178520828, -0.7525165372447512, -0.7525165372447512, -0.7525165372447512, -0.7525165372447512, -0.7525165372447512, -0.7525165372447512, -0.7716210010714832, -0.7716210010714832, -0.7716210010714832]
best_flags:[0, 1, 1, 1, 0, 1, 1, 1, 1, 0, 0, 0, 0, 0, 0, 1, 1, 0, 0, 0, 0, 1]
min_time:-0.7716210010714832
cost_time:6283.575202465057
times:512
