algorithm:CausalGuidedGA
benchmark:security_rijndael_e
generate:50
population:10
curve:[-1.1034996276991809, -1.1034996276991809, -1.1034996276991809, -1.1195130947989673, -1.1195130947989673, -1.1387200572041472, -1.1387200572041472, -1.1387200572041472, -1.1387200572041472, -1.1423125794155018, -1.1423125794155018, -1.1423125794155018, -1.1423125794155018, -1.1423125794155018, -1.1423125794155018, -1.1423125794155018, -1.1423125794155018, -1.1522430236665488, -1.1522430236665488, -1.1522430236665488, -1.1522430236665488, -1.1547976011994001, -1.1547976011994001, -1.1547976011994001, -1.1547976011994001, -1.1547976011994001, -1.1547976011994001, -1.1547976011994001, -1.1547976011994001, -1.1547976011994001, -1.1547976011994001, -1.1547976011994001, -1.2496229260935143, -1.2496229260935143, -1.2496229260935143, -1.2496229260935143, -1.2496229260935143, -1.2496229260935143, -1.2496229260935143, -1.2496229260935143, -1.2496229260935143, -1.2496229260935143, -1.2496229260935143, -1.2496229260935143, -1.2496229260935143, -1.2496229260935143, -1.2496229260935143, -1.2496229260935143, -1.2496229260935143, -1.2496229260935143]
best_flags:[1, 1, 1, 0, 0, 0, 0, 1, 1, 0, 0, 0, 1, 1, 1, 1, 1, 0, 1, 1, 1, 0]
min_time:-1.2496229260935143
cost_time:4084.6454405784607
times:512
