algorithm:CausalGuidedGA
benchmark:office_stringsearch1
generate:50
population:10
curve:[-0.0029728725380899295, -0.0029728725380899295, -0.0029728725380899295, -0.0029728725380899295, -0.0029728725380899295, -0.0029728725380899295, -0.0029728725380899295, -0.0029728725380899295, -0.0029728725380899295, -0.0030761343245321714, -0.0030761343245321714, -0.0030761343245321714, -0.0030761343245321714, -0.0030761343245321714, -0.0030761343245321714, -0.0030761343245321714, -0.0030761343245321714, -0.0030761343245321714, -0.0030761343245321714, -0.0030761343245321714, -0.0030761343245321714, -0.0030761343245321714, -0.0030761343245321714, -0.0030761343245321714, -0.0030761343245321714, -0.0030761343245321714, -0.0030761343245321714, -0.0030761343245321714, -0.0030761343245321714, -0.0030761343245321714, -0.0030761343245321714, -0.0030761343245321714, -0.0030761343245321714, -0.0030761343245321714, -0.0030761343245321714, -0.0030761343245321714, -0.0030761343245321714, -0.0030761343245321714, -0.0030761343245321714, -0.0030761343245321714, -0.0030761343245321714, -0.0030761343245321714, -0.0030761343245321714, -0.0030761343245321714, -0.0030761343245321714, -0.0030761343245321714, -0.0030761343245321714, -0.0030761343245321714, -0.0030761343245321714, -0.0030761343245321714]
best_flags:[0, 0, 0, 0, 0, 0, 0, 1, 0, 0, 0, 0, 1, 0, 1, 1, 0, 1, 1, 1, 0, 0]
min_time:-0.0030761343245321714
cost_time:6752.784385919571
times:512
