algorithm:CausalGuidedGA
benchmark:consumer_jpeg_c
generate:50
population:10
curve:[-1.1299397186872069, -1.1299397186872069, -1.263623978201635, -1.263623978201635, -1.263623978201635, -1.263623978201635, -1.263623978201635, -1.263623978201635, -1.263623978201635, -1.263623978201635, -1.263623978201635, -1.263623978201635, -1.263623978201635, -1.4986033519553073, -1.4986033519553073, -1.4986033519553073, -1.5141087405368203, -1.5392022008253095, -1.5392022008253095, -1.5392022008253095, -1.5392022008253095, -1.5392022008253095, -1.5392022008253095, -1.5392022008253095, -1.5392022008253095, -1.5392022008253095, -1.5392022008253095, -1.5392022008253095, -1.5392022008253095, -1.5392022008253095, -1.5392022008253095, -1.5392022008253095, -1.5392022008253095, -1.5392022008253095, -1.6361774744027302, -1.6361774744027302, -1.6361774744027302, -1.6361774744027302, -1.6361774744027302, -1.6361774744027302, -1.6361774744027302, -1.6361774744027302, -1.6361774744027302, -1.6361774744027302, -1.7354570637119113, -1.7354570637119113, -1.7354570637119113, -1.7354570637119113, -1.7354570637119113, -1.7354570637119113]
best_flags:[1, 1, 1, 0, 0, 0, 1, 1, 0, 0, 1, 0, 0, 0, 1, 0, 0, 1, 0, 1, 1, 1]
min_time:-1.7354570637119113
cost_time:6689.299775600433
times:512
