algorithm:CausalGuidedGA
benchmark:security_blowfish_d
generate:50
population:10
curve:[-1.0420857187064831, -1.0420857187064831, -1.0598345003182688, -1.0917271866119356, -1.0917271866119356, -1.0917271866119356, -1.0917271866119356, -1.0917271866119356, -1.0917271866119356, -1.0917271866119356, -1.0917271866119356, -1.1012413348379817, -1.1012413348379817, -1.1012413348379817, -1.1012413348379817, -1.1012413348379817, -1.1012413348379817, -1.1012413348379817, -1.1012413348379817, -1.1012413348379817, -1.1012413348379817, -1.1012413348379817, -1.1012413348379817, -1.1012413348379817, -1.1012413348379817, -1.1012413348379817, -1.1012413348379817, -1.2013241047246463, -1.2013241047246463, -1.2013241047246463, -1.2013241047246463, -1.2013241047246463, -1.2013241047246463, -1.2013241047246463, -1.2013241047246463, -1.2013241047246463, -1.2013241047246463, -1.2013241047246463, -1.2013241047246463, -1.2013241047246463, -1.2013241047246463, -1.2013241047246463, -1.2013241047246463, -1.2013241047246463, -1.2013241047246463, -1.2013241047246463, -1.2013241047246463, -1.2013241047246463, -1.2013241047246463, -1.2013241047246463]
best_flags:[0, 0, 1, 0, 0, 1, 1, 0, 1, 1, 0, 0, 0, 1]
min_time:-1.2013241047246463
cost_time:5695.118865966797
times:501
