algorithm:CausalGuidedGA
benchmark:automotive_bitcount
generate:50
population:10
curve:[-1.0252176289182964, -1.0449507898436854, -1.0909357952161143, -1.0909357952161143, -1.1133594793057409, -1.1133594793057409, -1.1133594793057409, -1.1133594793057409, -1.1133594793057409, -1.1133594793057409, -1.1133594793057409, -1.1133594793057409, -1.1133594793057409, -1.1133594793057409, -1.1133594793057409, -1.1133594793057409, -1.1133594793057409, -1.1133594793057409, -1.1133594793057409, -1.1133594793057409, -1.1133594793057409, -1.1133594793057409, -1.1133594793057409, -1.1133594793057409, -1.1133594793057409, -1.1133594793057409, -1.1133594793057409, -1.1133594793057409, -1.1133594793057409, -1.1133594793057409, -1.1133594793057409, -1.1133594793057409, -1.1133594793057409, -1.1133594793057409, -1.1133594793057409, -1.1133594793057409, -1.1133594793057409, -1.1133594793057409, -1.1133594793057409, -1.1133594793057409, -1.1133594793057409, -1.1133594793057409, -1.1133594793057409, -1.1133594793057409, -1.1133594793057409, -1.1133594793057409, -1.1133594793057409, -1.1133594793057409, -1.1133594793057409, -1.1133594793057409]
best_flags:[0, 0, 0, 0, 0, 0, 0, 0, 0, 0, 1, 0, 0, 0]
min_time:-1.1133594793057409
cost_time:29461.988029956818
times:501
