algorithm:CausalGuidedGA
benchmark:consumer_tiff2rgba
generate:50
population:10
curve:[-1.1510638297872342, -1.3081264108352144, -1.3081264108352144, -1.4048723897911835, -1.4048723897911835, -1.4048723897911835, -1.4048723897911835, -1.4048723897911835, -1.4048723897911835, -1.4048723897911835, -1.4048723897911835, -1.4048723897911835, -1.4048723897911835, -1.4048723897911835, -1.4048723897911835, -1.4048723897911835, -1.4048723897911835, -1.4048723897911835, -1.4048723897911835, -1.4048723897911835, -1.4062126642771806, -1.4062126642771806, -1.4062126642771806, -1.4062126642771806, -1.4062126642771806, -1.4062126642771806, -1.4062126642771806, -1.4062126642771806, -1.4062126642771806, -1.4062126642771806, -1.4062126642771806, -1.4062126642771806, -1.4062126642771806, -1.4062126642771806, -1.4062126642771806, -1.4062126642771806, -1.4062126642771806, -1.4062126642771806, -1.4062126642771806, -1.4062126642771806, -1.4062126642771806, -1.4062126642771806, -1.4062126642771806, -1.4062126642771806, -1.4062126642771806, -1.4062126642771806, -1.4062126642771806, -1.4062126642771806, -1.4062126642771806, -1.4062126642771806]
best_flags:[0, 1, 0, 1, 1, 1, 1, 0, 1, 0, 1, 0, 1, 0, 0, 1, 0, 1, 1, 1, 0, 1]
min_time:-1.4062126642771806
cost_time:5661.890433311462
times:512
