algorithm:CausalGuidedGA
benchmark:bzip2e
generate:50
population:10
curve:[-0.9926186291739894, -1.1859574468085106, -1.1859574468085106, -1.1859574468085106, -1.1859574468085106, -1.2066964285714283, -1.2066964285714283, -1.2066964285714283, -1.2066964285714283, -1.2066964285714283, -1.2066964285714283, -1.2066964285714283, -1.2066964285714283, -1.2066964285714283, -1.2066964285714283, -1.2066964285714283, -1.2066964285714283, -1.2066964285714283, -1.2066964285714283, -1.2066964285714283, -1.2066964285714283, -1.2066964285714283, -1.2066964285714283, -1.2066964285714283, -1.2066964285714283, -1.2479932403886778, -1.2479932403886778, -1.2479932403886778, -1.2479932403886778, -1.2479932403886778, -1.2479932403886778, -1.2479932403886778, -1.2479932403886778, -1.2479932403886778, -1.2479932403886778, -1.2479932403886778, -1.2479932403886778, -1.2479932403886778, -1.2479932403886778, -1.2479932403886778, -1.2479932403886778, -1.2479932403886778, -1.2479932403886778, -1.2479932403886778, -1.2479932403886778, -1.2479932403886778, -1.2479932403886778, -1.2479932403886778, -1.32234273318872, -1.32234273318872]
best_flags:[0, 0, 1, 0, 1, 0, 0, 1, 0, 1, 0, 1, 1, 1]
min_time:-1.32234273318872
cost_time:4478.759895324707
times:501
