algorithm:CausalGuidedGA
benchmark:covariance
generate:50
population:10
curve:[-1.801437147535019, -1.801437147535019, -1.801437147535019, -1.8450293729222642, -1.8450293729222642, -1.904273416155472, -1.904273416155472, -1.904273416155472, -2.187884160756501, -2.187884160756501, -2.187884160756501, -9.0, -9.0, -39833.0, -39833.0, -39833.0, -39833.0, -39833.0, -39833.0, -39833.0, -39833.0, -39833.0, -39833.0, -39833.0, -39833.0, -39833.0, -39833.0, -39833.0, -39833.0, -39833.0, -39833.0, -39833.0, -39833.0, -39833.0, -39833.0, -39833.0, -39833.0, -39833.0, -39833.0, -39833.0, -39833.0, -39833.0, -39833.0, -39833.0, -39833.0, -39833.0, -39833.0, -39833.0, -39833.0, -39833.0]
best_flags:[1, 1, 0, 0, 0, 1, 1, 0, 1, 0, 0, 1, 0, 1, 1, 0, 0, 1, 0, 0, 1, 0]
min_time:-39833.0
cost_time:28645.187900304794
times:512
