algorithm:CausalGuidedGA
benchmark:network_patricia
generate:50
population:10
curve:[-1.0899524779361844, -1.2002683663200269, -1.2033378746594006, -1.2033378746594006, -1.2033378746594006, -1.2033378746594006, -1.2033378746594006, -1.2033378746594006, -1.2033378746594006, -1.2033378746594006, -1.2033378746594006, -1.2033378746594006, -1.2033378746594006, -1.2033378746594006, -1.2033378746594006, -1.2033378746594006, -1.2033378746594006, -1.2033378746594006, -1.2033378746594006, -1.2033378746594006, -1.2033378746594006, -1.2033378746594006, -1.2033378746594006, -1.2033378746594006, -1.2033378746594006, -1.2033378746594006, -1.2033378746594006, -1.2033378746594006, -1.2033378746594006, -1.2033378746594006, -1.2033378746594006, -1.2033378746594006, -1.2033378746594006, -1.2033378746594006, -1.2033378746594006, -1.2033378746594006, -1.2033378746594006, -1.2033378746594006, -1.2033378746594006, -1.2033378746594006, -1.2033378746594006, -1.2033378746594006, -1.2033378746594006, -1.2033378746594006, -1.2033378746594006, -1.2033378746594006, -1.2033378746594006, -1.2033378746594006, -1.2033378746594006, -1.2033378746594006]
best_flags:[0, 0, 0, 0, 1, 1, 0, 0, 0, 1, 0, 0, 1, 0, 0, 1, 0, 0, 1, 0, 1, 1]
min_time:-1.2033378746594006
cost_time:3603.9148757457733
times:512
