algorithm:CausalGuidedGA
benchmark:consumer_tiffmedian
generate:50
population:10
curve:[-0.9048689138576779, -0.9048689138576779, -0.970288624787776, -0.970288624787776, -1.0062001771479183, -1.0062001771479183, -1.0062001771479183, -1.0062001771479183, -1.0062001771479183, -1.0062001771479183, -1.0062001771479183, -1.0062001771479183, -1.0062001771479183, -1.0062001771479183, -1.0062001771479183, -1.0062001771479183, -1.0062001771479183, -1.0947046843177188, -1.0947046843177188, -1.0947046843177188, -1.0947046843177188, -1.0947046843177188, -1.0947046843177188, -1.0947046843177188, -1.0947046843177188, -1.0947046843177188, -1.0947046843177188, -1.0947046843177188, -1.0947046843177188, -1.0947046843177188, -1.0947046843177188, -1.0947046843177188, -1.0947046843177188, -1.0947046843177188, -1.0947046843177188, -1.0947046843177188, -1.0947046843177188, -1.0947046843177188, -1.0947046843177188, -1.0947046843177188, -1.0947046843177188, -1.0947046843177188, -1.0947046843177188, -1.0947046843177188, -1.0947046843177188, -1.0947046843177188, -1.0947046843177188, -1.0947046843177188, -1.0947046843177188, -1.0947046843177188]
best_flags:[0, 0, 0, 0, 0, 1, 0, 0, 0, 0, 0, 1, 1, 0, 0, 0, 1, 1, 0, 1, 1, 1]
min_time:-1.0947046843177188
cost_time:6120.163343429565
times:512
