algorithm:CausalGuidedGA
benchmark:automotive_susan_c
generate:50
population:10
curve:[-1.2235, -1.2472448490656445, -1.2472448490656445, -1.2472448490656445, -1.2472448490656445, -1.2472448490656445, -1.282775119617225, -1.282775119617225, -1.282775119617225, -1.291026276648488, -1.291026276648488, -1.291026276648488, -1.291026276648488, -1.2926108374384238, -1.2926108374384238, -1.2926108374384238, -1.2926108374384238, -1.2926108374384238, -1.2926108374384238, -1.2926108374384238, -1.2926108374384238, -1.2926108374384238, -1.2926108374384238, -1.2926108374384238, -1.2926108374384238, -1.2926108374384238, -1.2926108374384238, -1.2926108374384238, -1.6916876574307305, -1.6916876574307305, -1.6916876574307305, -1.6916876574307305, -1.6916876574307305, -1.6916876574307305, -1.6916876574307305, -1.6916876574307305, -1.6916876574307305, -1.6916876574307305, -1.6916876574307305, -1.6916876574307305, -1.6916876574307305, -1.6916876574307305, -1.6916876574307305, -1.6916876574307305, -1.6916876574307305, -1.6916876574307305, -1.6916876574307305, -1.6916876574307305, -1.6916876574307305, -1.6916876574307305]
best_flags:[1, 1, 1, 0, 1, 0, 1, 0, 1, 0, 1, 0, 0, 1, 1, 0, 1, 1, 0, 0, 1, 1]
min_time:-1.6916876574307305
cost_time:3690.198473215103
times:512
