algorithm:CausalGuidedGA
benchmark:consumer_tiffdither
generate:50
population:10
curve:[-1.3555230431602048, -1.3555230431602048, -1.3555230431602048, -1.3555230431602048, -1.3555230431602048, -1.3555230431602048, -1.3555230431602048, -1.3555230431602048, -1.3555230431602048, -1.3555230431602048, -1.3555230431602048, -1.3555230431602048, -1.3555230431602048, -1.3555230431602048, -1.3555230431602048, -1.3555230431602048, -1.3555230431602048, -1.3555230431602048, -1.3555230431602048, -1.3555230431602048, -1.3555230431602048, -1.3555230431602048, -1.3555230431602048, -1.3555230431602048, -1.3555230431602048, -1.3555230431602048, -1.3555230431602048, -1.3555230431602048, -1.3555230431602048, -1.3555230431602048, -1.3555230431602048, -1.3555230431602048, -1.3555230431602048, -1.3555230431602048, -1.3555230431602048, -1.3555230431602048, -1.3555230431602048, -1.3555230431602048, -1.3555230431602048, -1.3555230431602048, -1.3555230431602048, -1.3555230431602048, -1.3555230431602048, -1.3555230431602048, -1.3555230431602048, -1.3555230431602048, -1.3555230431602048, -1.3555230431602048, -1.3555230431602048, -1.3555230431602048]
best_flags:[0, 0, 0, 0, 0, 0, 1, 1, 0, 0, 0, 0, 1, 0, 0, 0, 0, 0, 0, 1, 1, 0]
min_time:-1.3555230431602048
cost_time:6239.415647506714
times:512
