algorithm:CausalGuidedGA
benchmark:security_rijndael_d
generate:50
population:10
curve:[-1.0620490620490621, -1.1024806832045546, -1.177114009255364, -1.177114009255364, -1.2126148705096074, -1.2126148705096074, -1.2126148705096074, -1.2126148705096074, -1.2126148705096074, -1.2126148705096074, -1.2126148705096074, -1.2126148705096074, -1.2126148705096074, -1.2494614390348986, -1.2494614390348986, -1.2494614390348986, -1.2494614390348986, -1.2494614390348986, -1.2494614390348986, -1.6693130824991373, -1.6693130824991373, -1.6693130824991373, -1.6693130824991373, -1.6693130824991373, -1.6693130824991373, -1.6693130824991373, -1.6693130824991373, -1.6693130824991373, -1.6693130824991373, -1.6693130824991373, -1.6693130824991373, -1.6693130824991373, -1.6693130824991373, -1.6693130824991373, -1.6693130824991373, -1.6693130824991373, -1.6693130824991373, -1.6693130824991373, -1.6693130824991373, -1.6693130824991373, -1.6693130824991373, -1.6693130824991373, -1.6693130824991373, -1.6693130824991373, -1.6693130824991373, -1.6693130824991373, -1.6693130824991373, -1.6693130824991373, -1.6693130824991373, -1.6693130824991373]
best_flags:[1, 0, 0, 0, 1, 0, 0, 1, 0, 0, 0, 0, 0, 0, 1, 1, 0, 0, 0, 0, 1, 1]
min_time:-1.6693130824991373
cost_time:3562.233486175537
times:512
