algorithm:CausalGuidedGA
benchmark:consumer_tiff2bw
generate:50
population:10
curve:[-1.0985645933014354, -1.0985645933014354, -1.0985645933014354, -1.0985645933014354, -1.1478060046189376, -1.1502958579881657, -1.1502958579881657, -1.1502958579881657, -1.1502958579881657, -1.1502958579881657, -1.1502958579881657, -1.29002079002079, -1.29002079002079, -1.29002079002079, -1.29002079002079, -1.29002079002079, -1.29002079002079, -1.29002079002079, -1.29002079002079, -1.29002079002079, -1.29002079002079, -1.29002079002079, -1.29002079002079, -1.29002079002079, -1.29002079002079, -1.29002079002079, -1.29002079002079, -1.29002079002079, -1.29002079002079, -1.29002079002079, -1.29002079002079, -1.29002079002079, -1.29002079002079, -1.29002079002079, -1.29002079002079, -1.29002079002079, -1.29002079002079, -1.29002079002079, -1.29002079002079, -1.3138121546961326, -1.3138121546961326, -1.3138121546961326, -1.3138121546961326, -1.3138121546961326, -1.3138121546961326, -1.3138121546961326, -1.3138121546961326, -1.3138121546961326, -1.3138121546961326, -1.3138121546961326]
best_flags:[0, 0, 0, 1, 1, 1, 0, 1, 1, 0, 1, 1, 1, 1, 0, 0, 0, 1, 1, 0, 0, 1]
min_time:-1.3138121546961326
cost_time:5617.906292915344
times:512
