algorithm:CausalGuidedGA
benchmark:automotive_susan_e
generate:50
population:10
curve:[-0.7840048470160558, -0.9357501794687725, -0.9357501794687725, -0.9668474984930682, -1.054552156284556, -1.054552156284556, -1.054552156284556, -1.054552156284556, -1.054552156284556, -1.054552156284556, -1.054552156284556, -1.054552156284556, -1.054552156284556, -1.054552156284556, -1.0894521058516586, -1.0894521058516586, -1.0894521058516586, -1.2166521360069746, -1.2166521360069746, -1.2166521360069746, -1.2166521360069746, -1.2166521360069746, -1.2166521360069746, -1.2166521360069746, -1.2166521360069746, -1.2166521360069746, -1.2166521360069746, -1.2166521360069746, -1.2166521360069746, -1.2166521360069746, -1.2166521360069746, -1.2166521360069746, -1.2166521360069746, -1.2166521360069746, -1.2166521360069746, -1.248900615655233, -1.2960320998662507, -1.2960320998662507, -1.2960320998662507, -1.2960320998662507, -1.2960320998662507, -1.2960320998662507, -1.2960320998662507, -1.3302631578947368, -1.3302631578947368, -1.3302631578947368, -1.3302631578947368, -1.3302631578947368, -1.3302631578947368, -1.3302631578947368]
best_flags:[1, 1, 0, 0, 0, 0, 0, 0, 0, 1, 0, 0, 0, 1]
min_time:-1.3302631578947368
cost_time:3641.0065338611603
times:501
