algorithm:CausalGuidedGA
benchmark:telecom_adpcm_d
generate:50
population:10
curve:[-1.0547833197056418, -1.1331093848414866, -1.1331093848414866, -1.1331093848414866, -1.1331093848414866, -1.1331093848414866, -1.1331093848414866, -1.1331093848414866, -1.1382335737960618, -1.1382335737960618, -1.145821325648415, -1.145821325648415, -1.145821325648415, -1.145821325648415, -1.145821325648415, -1.145821325648415, -1.145821325648415, -1.145821325648415, -1.2134301983114077, -1.2134301983114077, -1.2134301983114077, -1.2134301983114077, -1.2134301983114077, -1.2134301983114077, -1.2134301983114077, -1.2134301983114077, -1.2134301983114077, -1.2134301983114077, -1.2134301983114077, -1.2134301983114077, -1.2134301983114077, -1.2134301983114077, -1.2683068578070515, -1.2683068578070515, -1.2683068578070515, -1.2683068578070515, -1.2683068578070515, -1.2683068578070515, -1.2683068578070515, -1.2683068578070515, -1.2683068578070515, -1.2683068578070515, -1.2683068578070515, -1.2683068578070515, -1.2683068578070515, -1.2683068578070515, -1.2683068578070515, -1.2683068578070515, -1.2683068578070515, -1.2683068578070515]
best_flags:[1, 0, 1, 0, 0, 1, 0, 0, 1, 1, 0, 0, 0, 0, 0, 0, 0, 1, 1, 1, 1, 1]
min_time:-1.2683068578070515
cost_time:5916.592790842056
times:512
