algorithm:GA
benchmark:2mm
generate:2
population:2
curve:[-45.316536003987856, -45.316536003987856]
best_flags:[0, 0, 1, 1, 1, 1, 1, 1, 0, 0, 0, 0, 1, 0, 1, 0, 1, 1, 1, 1, 0, 0, 0, 0, 0, 0, 1, 1, 0, 0, 0, 1, 1, 1, 0, 0, 0, 1, 0, 1, 1, 1, 0, 1, 0, 1, 0, 1, 0, 1, 0, 0, 0, 0, 1, 1, 1, 1, 1, 1, 1, 0, 0, 0, 1, 0]
min_time:-45.316536003987856
cost_time:45.586188077926636
times:0
